11532192
11597317
11897010
12079497
12546709
12585968
12925238
14609438
14611657
14723793
14737183
15005800
15040800
15061865
15207008
15314655
15314659
15320950
15328533
15345036
15492776
15550985
15588329
15630473
15676071
15760270
15819996
15836427
15876356
15917436
15921521
15938754
16098226
16103912
16109169
16110338
16121255
16121256
16216087
16221973
16255782
16279840
16362077
16433929
16462940
16504143
16504174
16507151
16539743
16579849
16628246
16670015
16700629
16870721
17002498
17020410
17022820
17069463
17078885
17083276
17194222
17244351
17425782
17447844
17590087
17608565
17696610